Username/Password/Roles/Credits/Sex/Number/Address
thuan_p 123123123 1 1000000 2 0915566 aasdasd
peter 123123123 0 123 2 123 2
bao 123123123 0 1023 2 123 2
baodeptrai 123123123 2 1023 2 123 2
john_doe 987654321 1 5000000 1 0912345678 HaNoi
jane_doe 123456789 0 75000 2 0901234567 Saigon
admin_user adminpass 2 9999999 1 0987654321 DaNang
guest_user guestpass 0 1000 1 0909876543 Hue
anna_k 1122334455 0 3000 2 0934567890 VungTau
mike_p 5566778899 1 450000 1 0922334455 NhaTrang
susan_s 7788996655 0 125000 2 0911223344 BienHoa
tommy_b 3344556677 1 765000 1 0944556677 CanTho
katie_l 9988776655 0 18000 2 0977665544 HaLong
jack_r 8877665544 2 2500000 1 0966443322 PhanThiet